+------+------+------------------------+------------------------+------------------------+------------------------+----------------------+------------------------+-------------------------+---------------------------+
|  h   |  xi  |          REAL          |       APROXIMADO       |   APROX. RICHARDSON    |       ERRO EULER       |    ERRO RELATIVO     |  EULER VS RICHARDSON   | ERRO APROXIM RICHARDSON | APROX RICHARDOSON MELHOR? |
+------+------+------------------------+------------------------+------------------------+------------------------+----------------------+------------------------+-------------------------+---------------------------+
| 0.05 |  0   |          1.0           |           1            |           1            |          0.0           |         0.0          |           0            |           0.0           |           False           |
| 0.05 | 1.0  |  0.36787944117144233   |   0.3584859224085422   |  0.36829340471708444   |  0.009393518762900122  | 0.02553423135848049  |  0.009807482308542226  | -0.00041396354564210425 |            True           |
| 0.05 | 2.0  |   0.1353352832366127   |  0.12851215656510334   |  0.13544765853963742   |  0.006823126671509361  | 0.050416465745892626 |  0.006935501974534061  | -0.00011237530302471432 |            True           |
| 0.05 | 3.0  |  0.049787068367863944  |  0.04606979898695207   |  0.049748439698687946  | 0.0037172693809118737  |  0.0746633514037404  | 0.0036786407117358755  |  3.862866917599822e-05  |            True           |
| 0.05 | 4.0  |  0.01831563888873418   |  0.01651537438501364   |  0.018249865828592688  | 0.0018002645037205403  | 0.09829111147347802  | 0.0017344914435790497  |  6.577306014149062e-05  |            True           |
| 0.05 | 5.0  |  0.006737946999085467  |  0.005920529220334025  |  0.006687283233347939  | 0.0008174177787514418  | 0.12131555485111249  | 0.0007667540130139134  |  5.0663765737528343e-05 |            True           |
| 0.05 | 6.0  | 0.0024787521766663585  | 0.0021224263786981702  | 0.0024478424574819095  | 0.00035632579796818827 | 0.14375208676464227  | 0.00032541607878373933 |  3.0909719184448944e-05 |            True           |
| 0.05 | 7.0  | 0.0009118819655545162  | 0.0007608599781118352  | 0.0008951412080058736  |  0.000151021987442681  | 0.16561571908141026  | 0.00013428122989403836 |  1.6740757548642637e-05 |            True           |
| 0.05 | 8.0  | 0.00033546262790251185 | 0.00027275759107716447 | 0.0003270406816259369  | 6.270503682534738e-05  | 0.18692108035226496  | 5.428309054877244e-05  |   8.42194627657494e-06  |            True           |
| 0.05 | 9.0  | 0.00012340980408667956 | 9.777975663122928e-05  | 0.00011938216521659223 | 2.563004745545028e-05  |  0.2076824255992535  | 2.1602408585362945e-05 |  4.027638870087333e-06  |            True           |
| 0.05 | 10.0 | 4.5399929762484854e-05 | 3.505266624882902e-05  | 4.354393361007057e-05  | 1.0347263513655837e-05 | 0.22791364585339183  | 8.491267361241559e-06  |  1.8559961524142814e-06 |            True           |
+------+------+------------------------+------------------------+------------------------+------------------------+----------------------+------------------------+-------------------------+---------------------------+
